0 40 all_counties_ITM95 POLY_ID2
1 30          106644.52
1 32         112596.517
1 31         91983.0458
1 19         69734.1186
1 15         76768.0604
1 18         107672.585
1 21         53068.2429
1 20         59298.4291
1 4         42630.8793
1 3         52646.0513
1 5         40692.2166
1 6         83651.1633
1 2         68055.7412
2 31         107708.236
2 21         92214.8242
2 20         109639.229
2 4         109468.989
2 1         68055.7412
2 3          67475.076
2 5         41891.6218
2 6          58919.014
3 30         100857.376
3 34          103786.64
3 32         75145.4747
3 25         91760.7103
3 23         106268.403
3 31          44169.223
3 19         62211.5635
3 15         97491.2222
3 21         29002.6627
3 20         111828.049
3 4         71096.2865
3 1         52646.0513
3 5         72746.6637
3 6         40268.0889
3 2          67475.076
4 17         80261.6601
4 30         71171.4425
4 34         92324.6479
4 32         99743.0306
4 31         93967.5533
4 19         43807.7753
4 15         34137.1818
4 18         67539.9092
4 21         51556.3948
4 20         65973.0736
4 1         42630.8793
4 3         71096.2865
4 5         82343.1176
4 6         110426.578
4 2         109468.989
5 19         108987.739
5 21         86280.0638
5 20         68071.3934
5 4         82343.1176
5 1         40692.2166
5 3         72746.6637
5 6         85973.0043
5 2         41891.6218
6 32         96393.0148
6 25         98970.6963
6 31         59040.7798
6 19         100661.259
6 21         67943.1396
6 4         110426.578
6 1         83651.1633
6 3         40268.0889
6 5         85973.0043
6 2          58919.014
7 14         80375.9417
7 13         73947.6835
7 33         92454.7848
7 40         95415.8348
7 39         84373.5759
7 38         86457.3617
7 37         33302.4092
7 29         93695.1683
7 28         96035.4182
7 9         44598.8134
7 8         20433.5516
7 10         56839.3829
7 12         89268.6337
8 14         97704.4199
8 13         90074.3082
8 33         110936.323
8 40         78342.2237
8 39         64508.9576
8 38         69316.9954
8 37         43314.4872
8 29         108823.615
8 28         103379.296
8 9          61202.364
8 7         20433.5516
8 10         59668.4175
8 12          85718.352
9 17         98956.0115
9 30          99294.946
9 14         83704.7174
9 13         83118.4238
9 34         86512.5126
9 33         50666.2171
9 27         91245.6199
9 38         108958.242
9 37         66969.9437
9 35         108622.793
9 29         49260.9995
9 28         62710.5243
9 7         44598.8134
9 8          61202.364
9 10         43863.6519
9 22         83648.6146
9 12         80286.6944
9 11         91750.0847
10 33         85016.8412
10 27         107828.865
10 39         89618.2172
10 38         74869.9105
10 37         89625.4444
10 35         88489.2348
10 29         67789.7699
10 28         45273.7118
10 9         43863.6519
10 7         56839.3829
10 8         59668.4175
10 22         77165.3722
10 12         37004.5352
10 11         57082.4989
11 33         112002.357
11 27         106991.809
11 38         100534.268
11 36         95795.2572
11 35         43948.2101
11 29         83725.4815
11 28         37390.5936
11 9         91750.0847
11 10         57082.4989
11 22         57337.7385
11 12         34752.6026
12 39         89062.7684
12 38         66399.6947
12 35         77573.2366
12 29         91922.1338
12 28         51512.2833
12 9         80286.6944
12 7         89268.6337
12 8          85718.352
12 10         37004.5352
12 22          81824.696
12 11         34752.6026
13 17          72365.447
13 30         99996.0973
13 14         11220.7703
13 34         110208.371
13 33         97035.1018
13 16         74609.9547
13 18         101268.288
13 37         49276.3356
13 9         83118.4238
13 7         73947.6835
13 8         90074.3082
14 17         61363.1754
14 30         89881.4293
14 13         11220.7703
14 34         101640.806
14 33         91525.2425
14 15         105767.042
14 16         68584.7732
14 18         90863.0425
14 37         58609.6145
14 9         83704.7174
14 7         80375.9417
14 8         97704.4199
15 17         48636.3716
15 30         51341.9483
15 14         105767.042
15 34          77892.505
15 32         101910.311
15 33         107320.593
15 31         108387.225
15 19         46726.3307
15 16         92412.1809
15 18          39382.443
15 21         71784.1752
15 20         87415.7812
15 4         34137.1818
15 1         76768.0604
15 3         97491.2222
16 17         78153.8976
16 30         111678.955
16 14         68584.7732
16 13         74609.9547
16 15         92412.1809
16 18         56175.9638
17 30         34375.7771
17 14         61363.1754
17 13          72365.447
17 34         57305.2212
17 32         100557.103
17 33         71543.7644
17 27         111795.809
17 19         66178.6008
17 15         48636.3716
17 16         78153.8976
17 18          54332.992
17 37         111686.355
17 29         101390.723
17 9         98956.0115
17 21         99278.6649
17 4         80261.6601
18 17          54332.992
18 30          77003.578
18 14         90863.0425
18 13         101268.288
18 34         104520.905
18 19         85201.0472
18 15          39382.443
18 16         56175.9638
18 21         111070.597
18 20          96882.833
18 4         67539.9092
18 1         107672.585
19 17         66178.6008
19 30         39923.8399
19 34         52247.9739
19 32         57454.4884
19 33         89123.4551
19 25         91338.1356
19 27         96233.5741
19 23         101090.661
19 24         101208.595
19 26         112186.667
19 31         62247.2726
19 15         46726.3307
19 18         85201.0472
19 29          112535.06
19 21         33212.2849
19 20         109330.968
19 4         43807.7753
19 1         69734.1186
19 3         62211.5635
19 5         108987.739
19 6         100661.259
20 19         109330.968
20 15         87415.7812
20 18          96882.833
20 21         106553.659
20 4         65973.0736
20 1         59298.4291
20 3         111828.049
20 5         68071.3934
20 2         109639.229
21 17         99278.6649
21 30         72125.0996
21 34         77678.0262
21 32         59614.8123
21 25         85820.6405
21 27         107585.618
21 23         98821.2086
21 24         103168.786
21 26         110954.497
21 31         43103.9863
21 19         33212.2849
21 15         71784.1752
21 18         111070.597
21 20         106553.659
21 4         51556.3948
21 1         53068.2429
21 3         29002.6627
21 5         86280.0638
21 6         67943.1396
21 2         92214.8242
22 34         98152.7333
22 32         100567.717
22 33         74599.9488
22 25         92992.2929
22 27         51290.8629
22 23         79676.3654
22 24         67490.5283
22 26          72014.639
22 36         41124.0748
22 35         34508.8774
22 29         45681.3743
22 28         32672.7922
22 9         83648.6146
22 10         77165.3722
22 12          81824.696
22 11         57337.7385
23 30         104900.909
23 34          80976.905
23 32         43641.9477
23 33         91108.8291
23 25         14810.3621
23 27         41840.1441
23 24         13068.5841
23 26         12215.4813
23 31         62116.1317
23 19         101090.661
23 36         43035.2997
23 35         102316.324
23 29         84446.0273
23 28         109198.101
23 22         79676.3654
23 21         98821.2086
23 3         106268.403
24 30         99986.1975
24 34         74441.2997
24 32         44699.1401
24 33         80305.4588
24 25         25516.4839
24 27         29453.7533
24 23         13068.5841
24 26         13983.7519
24 31         70007.2913
24 19         101208.595
24 36         33668.1882
24 35         92064.0491
24 29         71757.2722
24 28         96392.3008
24 22         67490.5283
24 21         103168.786
25 30         100253.653
25 34         78841.8973
25 32         35078.2663
25 33         94938.7868
25 27         50305.0875
25 23         14810.3621
25 24         25516.4839
25 26         26641.3453
25 31         47594.9262
25 19         91338.1356
25 36         57682.8596
25 29         92669.5509
25 22         92992.2929
25 21         85820.6405
25 3         91760.7103
25 6         98970.6963
26 34         88219.9638
26 32         54820.0958
26 33         93781.1394
26 25         26641.3453
26 27          42038.266
26 23         12215.4813
26 24         13983.7519
26 31         74190.4357
26 19         112186.667
26 36         32929.4461
26 35         92068.2595
26 29         83156.5285
26 28         102914.496
26 22          72014.639
26 21         110954.497
27 17         111795.809
27 30         83690.2225
27 34         56111.2221
27 32         49430.3784
27 33         52309.9915
27 25         50305.0875
27 23         41840.1441
27 24         29453.7533
27 26          42038.266
27 31         84426.1365
27 19         96233.5741
27 36         38050.9331
27 35         82992.0948
27 29         42701.0352
27 28         74044.1164
27 9         91245.6199
27 10         107828.865
27 22         51290.8629
27 11         106991.809
27 21         107585.618
28 34         107181.592
28 33         74782.8474
28 27         74044.1164
28 23         109198.101
28 24         96392.3008
28 26         102914.496
28 36         73474.8834
28 35         46612.5689
28 29         46350.5186
28 9         62710.5243
28 7         96035.4182
28 8         103379.296
28 10         45273.7118
28 22         32672.7922
28 12         51512.2833
28 11         37390.5936
29 17         101390.723
29 30         84754.4904
29 34         60926.1046
29 32         83221.6639
29 33         29876.9717
29 25         92669.5509
29 27         42701.0352
29 23         84446.0273
29 24         71757.2722
29 26         83156.5285
29 19          112535.06
29 36         66031.4595
29 35         78762.7713
29 28         46350.5186
29 9         49260.9995
29 7         93695.1683
29 8         108823.615
29 10         67789.7699
29 22         45681.3743
29 12         91922.1338
29 11         83725.4815
30 17         34375.7771
30 14         89881.4293
30 13         99996.0973
30 34         27676.7997
30 32         66276.8268
30 33         56749.9556
30 25         100253.653
30 27         83690.2225
30 23         104900.909
30 24         99986.1975
30 31         89111.2834
30 19         39923.8399
30 15         51341.9483
30 16         111678.955
30 18          77003.578
30 29         84754.4904
30 9          99294.946
30 21         72125.0996
30 4         71171.4425
30 1          106644.52
30 3         100857.376
31 30         89111.2834
31 34         80104.0848
31 32         37381.5768
31 33         110825.118
31 25         47594.9262
31 27         84426.1365
31 23         62116.1317
31 24         70007.2913
31 26         74190.4357
31 19         62247.2726
31 15         108387.225
31 36         103643.314
31 21         43103.9863
31 4         93967.5533
31 1         91983.0458
31 3          44169.223
31 6         59040.7798
31 2         107708.236
32 17         100557.103
32 30         66276.8268
32 34          48514.723
32 33         74563.1387
32 25         35078.2663
32 27         49430.3784
32 23         43641.9477
32 24         44699.1401
32 26         54820.0958
32 31         37381.5768
32 19         57454.4884
32 15         101910.311
32 36         76485.1985
32 29         83221.6639
32 22         100567.717
32 21         59614.8123
32 4         99743.0306
32 1         112596.517
32 3         75145.4747
32 6         96393.0148
33 17         71543.7644
33 30         56749.9556
33 14         91525.2425
33 13         97035.1018
33 34         37190.2164
33 32         74563.1387
33 25         94938.7868
33 27         52309.9915
33 23         91108.8291
33 24         80305.4588
33 26         93781.1394
33 31         110825.118
33 19         89123.4551
33 15         107320.593
33 37         105053.475
33 36         86147.2998
33 35         108354.976
33 29         29876.9717
33 28         74782.8474
33 9         50666.2171
33 7         92454.7848
33 8         110936.323
33 10         85016.8412
33 22         74599.9488
33 11         112002.357
34 17         57305.2212
34 30         27676.7997
34 14         101640.806
34 13         110208.371
34 32          48514.723
34 33         37190.2164
34 25         78841.8973
34 27         56111.2221
34 23          80976.905
34 24         74441.2997
34 26         88219.9638
34 31         80104.0848
34 19         52247.9739
34 15          77892.505
34 18         104520.905
34 36          94097.263
34 29         60926.1046
34 28         107181.592
34 9         86512.5126
34 22         98152.7333
34 21         77678.0262
34 4         92324.6479
34 3          103786.64
35 33         108354.976
35 27         82992.0948
35 23         102316.324
35 24         92064.0491
35 26         92068.2595
35 36         59316.1647
35 29         78762.7713
35 28         46612.5689
35 9         108622.793
35 10         88489.2348
35 22         34508.8774
35 12         77573.2366
35 11         43948.2101
36 34          94097.263
36 32         76485.1985
36 33         86147.2998
36 25         57682.8596
36 27         38050.9331
36 23         43035.2997
36 24         33668.1882
36 26         32929.4461
36 31         103643.314
36 35         59316.1647
36 29         66031.4595
36 28         73474.8834
36 22         41124.0748
36 11         95795.2572
37 17         111686.355
37 14         58609.6145
37 13         49276.3356
37 33         105053.475
37 40         92621.8047
37 39         103696.732
37 38         112170.294
37 9         66969.9437
37 7         33302.4092
37 8         43314.4872
37 10         89625.4444
38 40         89727.5656
38 39          25735.516
38 37         112170.294
38 9         108958.242
38 7         86457.3617
38 8         69316.9954
38 10         74869.9105
38 12         66399.6947
38 11         100534.268
39 40         64678.3018
39 38          25735.516
39 37         103696.732
39 7         84373.5759
39 8         64508.9576
39 10         89618.2172
39 12         89062.7684
40 39         64678.3018
40 38         89727.5656
40 37         92621.8047
40 7         95415.8348
40 8         78342.2237
